43.0883591086
40.8230184982
47.6182071817
45.308606769
45.8679181398
43.6025775294
43.0651756628
40.8468201072
44.7843416446
42.4747412319
44.7843416446
42.4747412319
47.390591147
44.989528651
44.7749519279
42.4182035408
43.8865697931
41.6682142375
47.390591147
44.989528651
46.5159484347
44.1592000476
43.0760812198
40.7664808071
45.6454501813
43.2887017942
44.7843416446
42.4747412319
42.2043386586
40.0328595449
45.6454501813
43.2887017942
46.5037248525
44.1026623565
44.7843416446
42.4747412319
45.638471857
43.3288714443
42.2437815325
40.0254259769
43.92612128
41.6607806696
47.3649963087
44.9166229189
45.6454501813
43.2887017942
46.5159484347
44.1592000476
45.638471857
43.3288714443
44.7843416446
42.4747412319
47.3864466882
45.0296983011
46.5159484347
44.1592000476
46.4926020694
44.1830016567
47.390591147
44.989528651
46.5159484347
44.1592000476
48.2569449416
45.9001965545
47.390591147
44.989528651
45.6454501813
43.2887017942
