15.1025185761
14.7467285761
13.9981946921
13.6424046921
13.2225185761
12.8667285761
15.0882084848
14.7248484848
14.1599007625
13.8121407625
14.1395469241
13.7837569241
14.6082084848
14.2448484848
14.7760286217
14.4126686217
14.9438487586
14.5804887586
14.9130361616
14.5416161616
14.440388348
14.077028348
15.255668941
14.884248941
14.9130361616
14.5416161616
14.6082084848
14.2448484848
14.3038708081
13.9480808081
14.440388348
14.077028348
14.7760286217
14.4126686217
14.440388348
14.077028348
14.4681946921
14.1124046921
14.440388348
14.077028348
15.255668941
14.884248941
14.4681946921
14.1124046921
14.7760286217
14.4126686217
14.7760286217
14.4126686217
15.1116688954
14.7483088954
15.1116688954
14.7483088954
14.6325185761
14.2767285761
15.1116688954
14.7483088954
14.6082084848
14.2448484848
14.5704033822
14.1989833822
14.7760286217
14.4126686217
14.6082084848
14.2448484848
15.1116688954
14.7483088954
15.255668941
14.884248941
