2.48405815269
2.3676647936
1.39562191096
1.33708166984
1.37041606307
1.31187582194
1.31199299508
1.25345275395
2.53264691637
2.41625355728
2.53264691637
2.41625355728
0.0961945215259
0.0924748827418
1.28678714718
1.22824690606
1.33719884297
1.27865860185
1.33719884297
1.27865860185
1.33719884297
1.27865860185
1.26158129928
1.20304105816
1.31199299508
1.25345275395
1.31199299508
1.25345275395
1.31199299508
1.25345275395
0.0943715894115
0.0906519506274
1.31199299508
1.25345275395
1.31199299508
1.25345275395
0.0961945215259
0.0924748827418
1.28678714718
1.22824690606
1.31199299508
1.25345275395
0.0943715894115
0.0906519506274
1.31199299508
1.25345275395
1.33719884297
1.27865860185
1.33719884297
1.27865860185
1.31199299508
1.25345275395
1.36240469087
1.30386444975
2.58123568005
2.46484232096
1.36240469087
1.30386444975
2.58123568005
2.46484232096
2.58123568005
2.46484232096
2.67841320741
2.56201984832
3.82653695568
3.65102604007
3.75456527622
3.57905436061
