2.60990136011
2.47462417204
1.96956191542
1.86902208357
2.89966765202
2.74987522216
1.66550632713
1.58105037412
0.933836166098
0.887683585453
1.12893394442
1.073064259
1.64073899359
1.55863691148
2.51852043338
2.38970262924
2.48424659824
2.35542879409
2.42387797793
2.30006323342
2.42800150292
2.30418675841
1.83984167846
1.74787571205
0.943471102158
0.897318521513
2.54851003914
2.419692235
2.12774470216
2.0188858154
0.438306607538
0.417496089454
0.752976071943
0.716433907187
1.86152013211
1.76771339754
2.42800150292
2.30418675841
2.04063009191
1.93685898151
1.04517586842
0.994184730059
0.930624520744
0.884471940099
0.525920493347
0.500430919012
1.4238392933
1.35162326113
0.432297205664
0.41148668758
2.00926624247
1.90549513207
1.9522311345
1.85153885736
0.34020726996
0.324044806617
0.0606723229312
0.0580191886559
1.62124874217
1.53914666005
0.619945168509
0.589696559249
2.98251691515
2.82664885063
1.21840453538
1.15763189076
1.08523675503
1.03104754607
