0.140967103291
0.140067103291
0.141449345064
0.140459345064
0.142182707722
0.141312707722
0.141429345064
0.140409345064
0.141449345064
0.140219345064
0.142403828609
0.141243828609
0.143137191268
0.142087191268
0.142644949495
0.141744949495
0.140715982405
0.139815982405
0.142654949495
0.141734949495
0.142896070381
0.141976070381
0.143850553926
0.142840553926
0.142896070381
0.141666070381
0.144332795699
0.143432795699
0.364435010418
0.362016941786
0.142172707722
0.140692707722
0.142674949495
0.141354949495
0.367587771727
0.364989634155
0.142896070381
0.141976070381
0.365701259768
0.363206018733
0.143860553926
0.142660553926
0.140967103291
0.139737103291
0.140494861518
0.139064861518
0.140504861518
0.139394861518
0.140243740632
0.138763740632
0.360118896295
0.35762365526
1.08035668889
1.07279379338
0.140484861518
0.138924861518
0.140263740632
0.138123740632
0.141449345064
0.140399345064
0.140745982405
0.139365982405
0.140725982405
0.139875982405
0.14170046595
0.14054046595
0.362651394997
0.359590223005
