17.0326196709
16.6292896709
15.7873182698
15.3839882698
14.9126196709
14.5092896709
16.9763945455
16.5654545455
16.3173182698
15.9139882698
15.9467154676
15.5433854676
16.4363945455
16.0254545455
16.6251921994
16.2142521994
16.8139898534
16.4030498534
17.045709899
16.618989899
16.8499197393
16.4231997393
17.1259100358
16.7068100358
16.4363945455
16.0254545455
16.4363945455
16.0254545455
16.1320168687
15.7286868687
16.2475968915
15.8366568915
16.6251921994
16.2142521994
16.2475968915
15.8366568915
16.6251921994
16.2142521994
16.5490283154
16.1299283154
16.8139898534
16.4030498534
16.6251921994
16.2142521994
16.3173182698
15.9139882698
16.6251921994
16.2142521994
17.3182039427
16.8991039427
16.687921072
16.284591072
16.5026196709
16.0992896709
16.687921072
16.284591072
16.4363945455
16.0254545455
16.0587992375
15.6478592375
16.3173182698
15.9139882698
16.7413222222
16.3222222222
17.0027875073
16.5918475073
16.8139898534
16.4030498534
