40.6510517466
38.2979312347
40.790117066
38.4369965542
42.5809854651
40.1342276503
38.42782227
36.2160997089
41.5757372621
39.1772955026
40.27444251
37.9694714312
42.0718403037
39.6733985441
40.3426359664
38.0376648876
39.7970883155
37.4921172366
41.1377803646
38.7846598528
41.2073130244
38.8541925125
40.6836032482
38.3786321694
42.0009684406
39.6025266811
40.819990161
38.5150190821
39.0574210931
36.8132878113
41.7883528513
39.3899110918
43.5208296999
41.0256447484
41.7762767392
39.3906658734
41.2073130244
38.8541925125
39.9827105016
37.6905545923
41.4854436633
39.1323231514
41.4339935359
39.0355517764
42.075508
39.6287501852
42.8588772718
40.3636923202
41.2213779467
38.8229361871
39.3723816698
37.0802257605
39.4296733124
37.1341820352
40.5119864271
38.1588659153
42.785327002
40.2901420504
41.5757372621
39.1772955026
42.9324275416
40.43724259
41.3631216728
38.9646799133
42.4365633322
39.9898055174
42.7812531713
40.3019651859
