0.32007018247
0.31376018247
0.296573929619
0.290263929619
0.28007018247
0.27376018247
0.313077676768
0.306767676768
0.306573929619
0.300263929619
0.299581423917
0.293271423917
0.303077676768
0.296767676768
0.306573929619
0.300263929619
0.31007018247
0.30376018247
0.303077676768
0.296767676768
0.299581423917
0.293271423917
0.31007018247
0.30376018247
0.303077676768
0.296767676768
0.303077676768
0.296767676768
0.303077676768
0.296767676768
0.299581423917
0.293271423917
0.306573929619
0.300263929619
0.299581423917
0.293271423917
0.306573929619
0.300263929619
0.299581423917
0.293271423917
0.31007018247
0.30376018247
0.306573929619
0.300263929619
0.306573929619
0.300263929619
0.306573929619
0.300263929619
0.313566435321
0.307256435321
0.313566435321
0.307256435321
0.31007018247
0.30376018247
0.313566435321
0.307256435321
0.303077676768
0.296767676768
0.296085171065
0.289775171065
0.306573929619
0.300263929619
0.303077676768
0.296767676768
0.313566435321
0.307256435321
0.31007018247
0.30376018247
