0.55
0.44
0.5
0.61
0.5
0.55
0.5
0.55
0.5
0.55
0.55
0.55
0.5
0.5
0.5
0.5
0.44
0.5
0.5
0.5
0.5
0.5
0.5
0.5
0.55
0.5
0.5
0.5
2.67
2.67
2.67
2.73
2.67
2.62
2.78
2.78
2.67
2.78
2.78
2.78
2.78
2.78
2.73
2.78
2.83
2.78
2.78
2.78
3.59
3.81
3.81
3.54
3.59
3.65
3.7
3.76
3.81
4.03
3.92
3.92
3.92
3.76
4.73
5.01
4.95
5.01
5.01
5.01
5.01
5.11
5.06
5.06
0.0
0.0
0.0
0.0
0.0
0.0
0.44
1.86
1.91
1.86
1.96
1.86
1.86
1.96
1.96
2.02
1.91
1.91
3.59
3.76
3.76
3.76
3.87
4.03
3.81
0.0
3.97
3.97
0.0
0.0
0.88
0.82
3.65
3.87
3.87
3.87
3.81
0.93
1.42
2.07
2.18
2.02
2.07
2.18
2.18
2.24
2.18
2.07
1.48
0.0
1.96
2.83
3.11
3.38
3.65
3.81
4.19
4.14
4.25
4.14
4.19
4.14
4.19
4.19
4.19
4.14
4.03
4.14
4.19
4.19
4.14
4.19
4.25
4.14
4.14
4.08
4.08
4.08
4.19
4.14
4.19
4.25
4.14
0.88
0.0
0.0
0.0
2.73
2.56
2.45
1.15
0.99
0.93
0.72
0.66
0.66
0.61
0.61
0.66
0.61
0.61
0.55
0.5
0.44
0.5
0.5
0.5
0.55
0.5
0.55
0.44
0.5
0.44
0.39
0.44
0.55
0.5
0.5
0.5
0.5
0.44
0.39
1.91
2.56
2.56
2.56
2.62
2.62
0.44
0.5
0.55
0.5
0.44
0.55
4.03
4.19
4.25
4.25
4.3
4.25
4.3
4.25
4.03
4.19
4.25
4.3
4.3
4.9
5.11
5.11
4.95
4.95
3.81
4.08
4.14
4.19
4.3
4.25
4.35
4.25
4.35
4.3
4.35
4.25
4.25
4.35
4.25
4.25
4.3
4.25
4.35
4.3
1.04
0.93
0.82
0.77
0.66
0.55
0.66
0.61
0.61
0.55
0.66
0.55
0.5
0.61
0.55
0.5
0.5
0.5
0.55
0.55
0.5
0.55
0.44
0.55
0.5
0.5
0.55
0.44
0.5
0.44
0.44
0.5
0.55
0.5
0.55
0.5
0.44
0.5
0.55
0.5
0.5
0.61
0.5
0.55
0.44
0.55
0.55
0.5
0.44
0.5
0.55
0.5
0.55
0.5
