31.73
32.42
32.42
32.77
32.08
32.08
19.18
33.12
33.12
33.12
33.82
32.77
34.52
32.77
32.42
32.42
33.12
33.12
33.47
33.12
33.82
33.12
32.77
32.42
32.42
31.38
32.42
32.77
30.85
31.2
30.15
30.5
32.59
31.55
30.5
30.5
30.85
29.81
30.85
28.41
29.11
30.5
29.81
30.85
30.5
29.81
29.81
30.15
30.26
28.52
28.17
33.75
30.96
29.56
29.56
29.56
29.91
32.81
30.26
30.26
29.91
31.31
28.98
29.08
26.54
31.18
31.87
30.83
28.39
28.74
29.78
30.13
0.0
0.0
0.0
0.0
0.0
0.0
32.77
31.44
31.44
32.14
31.44
31.09
28.94
27.19
27.54
28.24
29.64
28.94
24.41
20.92
21.96
21.27
21.96
21.62
21.96
23.01
21.62
21.62
0.0
0.0
31.38
31.73
20.22
19.52
19.18
18.13
17.78
29.29
27.54
25.45
24.75
26.85
26.15
26.5
25.8
26.15
26.5
26.5
29.29
32.77
27.19
24.41
23.36
24.75
23.71
22.31
28.98
28.98
28.98
28.98
29.32
29.32
28.98
29.67
29.67
28.98
28.28
27.93
27.23
28.63
27.93
27.93
27.58
28.63
28.63
29.32
28.63
28.98
28.63
28.63
28.28
28.63
28.63
31.38
0.0
0.0
0.0
29.81
29.81
29.81
34.23
31.03
31.03
32.42
32.77
32.08
32.77
32.77
32.77
32.08
31.73
32.77
32.42
32.77
33.12
31.73
32.86
32.86
33.12
32.42
32.86
32.52
32.42
32.42
32.86
31.82
33.21
32.17
32.86
33.56
33.91
33.21
27.27
23.77
23.42
24.12
23.42
23.77
32.52
33.56
33.21
32.52
32.52
33.91
18.53
18.53
23.08
24.12
20.63
21.33
22.73
19.93
23.77
22.03
22.03
20.98
20.63
18.18
18.88
17.83
18.18
17.48
22.03
20.98
19.93
19.93
20.63
19.93
20.28
18.88
18.53
19.93
20.63
19.93
20.28
19.93
20.28
19.58
19.93
20.63
19.93
19.58
30.77
31.12
32.86
32.86
33.21
32.52
33.21
32.86
33.21
32.52
32.52
32.86
33.21
33.56
33.56
32.86
33.91
33.56
34.61
33.21
33.21
32.17
32.86
33.56
33.56
33.21
33.56
33.56
33.21
34.26
33.56
33.91
34.26
33.21
33.56
33.21
33.21
32.86
33.21
33.21
33.21
33.21
32.86
33.91
33.21
33.21
32.52
33.56
33.21
32.52
33.56
33.56
33.21
32.52
