15.9
16.88
16.23
15.58
15.9
15.9
15.9
16.23
15.9
15.9
15.9
15.9
15.58
16.55
16.23
16.23
15.9
16.23
15.9
15.9
15.58
16.23
16.55
16.55
15.9
15.9
15.58
15.9
15.7
14.73
15.38
15.38
14.4
15.05
16.67
17.32
16.02
17.65
16.67
17.97
17.97
16.67
17.97
16.67
17.32
17.32
17.32
16.35
15.17
17.45
17.77
12.9
14.85
16.15
16.47
16.8
16.15
14.65
15.5
14.85
15.82
14.85
18.22
18.66
20.49
17.04
16.72
17.69
18.66
19.31
17.37
17.37
17.42
17.12
17.12
18.17
18.5
18.82
15.32
16.52
16.82
16.52
16.82
16.82
16.82
16.82
16.82
16.82
15.92
15.32
16.82
18.93
18.63
18.33
18.33
18.93
19.83
18.03
19.53
20.43
17.72
18.03
15.62
15.62
18.03
17.72
18.03
18.03
18.33
13.22
14.42
15.32
15.32
16.82
16.82
16.82
16.22
16.82
16.82
16.82
15.92
14.72
16.82
18.33
18.63
17.42
18.33
19.23
15.93
15.93
15.93
15.63
15.93
16.23
16.53
15.33
15.63
15.63
15.93
15.93
16.23
15.63
16.23
15.93
15.93
15.63
15.93
15.63
15.93
15.63
15.93
15.93
15.63
15.93
15.63
15.92
1.2
1.5
1.5
15.72
15.72
15.42
15.32
15.02
15.02
15.02
15.02
15.02
15.02
15.02
15.32
15.32
15.02
16.88
16.88
16.55
16.88
16.55
15.67
15.97
16.88
15.62
15.67
15.97
17.2
15.92
15.97
15.97
15.67
15.97
15.37
14.77
15.07
16.28
16.58
17.18
18.39
17.48
17.78
18.08
15.07
15.07
15.67
15.07
15.67
15.67
17.78
17.48
18.39
18.08
21.7
21.1
19.29
21.4
18.99
20.5
20.8
21.1
21.4
22.91
22.3
23.81
23.51
24.11
20.5
22.0
22.3
22.61
22.61
22.3
22.0
22.61
22.3
22.3
22.61
22.3
21.7
22.61
22.0
22.91
22.61
22.3
22.91
22.3
17.18
16.58
16.28
16.58
16.28
15.97
16.28
15.97
15.97
15.97
15.97
15.97
15.97
15.97
16.28
15.67
15.37
15.97
15.97
16.28
16.58
16.58
15.97
15.97
16.28
15.97
16.28
15.97
15.97
15.97
15.67
15.67
15.67
15.97
16.28
15.97
16.28
15.97
15.67
16.28
16.28
15.97
15.67
15.67
15.97
16.28
15.97
16.28
16.28
15.97
16.28
15.97
15.97
16.28
