14.08
14.06
14.11
13.96
13.96
13.99
13.91
14.18
14.08
14.01
14.03
14.01
13.91
14.03
13.89
13.94
13.86
13.89
13.86
13.99
13.82
13.82
13.96
14.06
14.03
13.99
13.96
13.99
13.49
13.39
13.53
13.46
12.98
13.24
13.65
13.82
13.77
13.65
13.46
13.51
13.29
13.29
13.36
13.51
13.49
13.51
13.39
13.49
12.84
12.91
12.99
12.31
13.01
13.25
13.37
13.18
13.15
12.7
13.37
13.37
12.86
12.94
12.73
12.11
12.56
12.2
12.18
12.13
11.99
12.01
12.37
12.15
13.91
13.91
13.89
13.89
13.89
13.91
14.08
14.54
14.61
14.54
14.64
14.59
14.56
14.59
14.59
14.59
14.25
14.78
15.36
14.64
14.47
14.97
14.97
15.12
14.39
14.88
14.42
14.42
13.91
13.91
14.06
14.01
14.56
14.64
14.59
14.25
14.56
14.15
14.06
14.18
14.47
14.76
14.78
14.85
14.9
14.9
15.14
15.09
14.59
14.37
14.66
14.68
14.76
14.85
14.8
14.95
13.04
13.26
13.38
13.33
13.43
13.28
13.4
13.55
13.5
13.21
12.99
12.89
12.97
13.14
13.02
12.99
12.99
13.23
12.92
12.89
12.92
13.21
13.18
12.87
12.97
12.99
13.04
14.03
11.69
11.62
11.72
13.36
13.44
13.58
14.3
14.18
14.13
14.06
14.03
14.06
14.08
14.06
14.06
14.06
14.06
14.03
14.06
14.03
14.11
14.01
13.99
13.96
13.96
13.99
14.01
13.96
13.99
13.96
13.99
13.99
13.99
13.94
13.86
13.84
13.84
13.94
14.15
14.27
13.99
13.79
14.11
14.13
14.01
14.01
13.99
13.99
13.99
13.99
14.59
14.95
15.26
14.71
14.44
14.49
14.9
14.52
15.62
15.43
15.58
15.5
15.12
14.83
14.61
14.3
14.37
14.23
14.56
14.88
14.76
15.07
14.9
14.85
14.95
14.93
15.09
15.14
15.12
14.95
15.14
15.07
15.02
15.05
15.07
15.12
14.85
14.9
14.35
14.3
14.27
14.25
14.18
14.2
14.15
14.15
14.13
14.15
14.15
14.13
14.13
14.13
14.13
14.13
14.18
14.11
14.11
14.13
14.11
14.11
14.13
14.15
14.08
14.11
14.13
14.11
14.11
14.08
14.11
14.11
14.13
14.08
14.11
14.11
14.08
14.11
14.15
14.11
14.11
14.11
14.11
14.11
14.11
14.08
14.11
14.11
14.08
14.11
14.08
14.13
14.08
14.11
